Крапка	(46.0, 32.0)	(53.0, 41.0)
Крапка	(99.0, 116.0)	(149.0, 182.0)
Крапка	(150.0, 181.0)	(95.0, 237.0)
Крапка	(76.0, 291.0)	(72.0, 291.0)
Крапка	(92.0, 41.0)	(185.0, 99.0)
Лінія	(125.0, 126.0)	(541.0, 348.0)
Лінія	(255.0, 177.0)	(346.0, 509.0)
Прямокутник	(297.0, 160.0)	(735.0, 357.0)
Прямокутник	(334.0, 177.0)	(664.0, 408.0)
Прямокутник	(273.0, 297.0)	(521.0, 437.0)
Прямокутник	(258.0, 395.0)	(569.0, 582.0)
Прямокутник	(516.0, 369.0)	(1043.0, 636.0)
Прямокутник	(1062.0, 719.0)	(633.0, 472.0)
Прямокутник	(791.0, 668.0)	(1050.0, 786.0)
Прямокутник	(1041.0, 771.0)	(682.0, 573.0)
Еліпс	(199.0, 68.0)	(991.0, 604.0)
Еліпс	(538.0, 489.0)	(1261.0, 834.0)
Еліпс	(544.0, 417.0)	(1234.0, 886.0)
Лінія з кружечками	(251.0, 171.0)	(863.0, 521.0)
Лінія з кружечками	(330.0, 321.0)	(1043.0, 168.0)
Лінія з кружечками	(1045.0, 166.0)	(1037.0, 175.0)
Лінія з кружечками	(790.0, 234.0)	(351.0, 589.0)
Лінія з кружечками	(384.0, 611.0)	(1002.0, 443.0)
Лінія з кружечками	(832.0, 280.0)	(575.0, 145.0)
Куб	(223.0, 136.0)	(974.0, 566.0)
Куб	(440.0, 303.0)	(1146.0, 627.0)
Куб	(423.0, 245.0)	(1116.0, 633.0)
Куб	(507.0, 373.0)	(1005.0, 616.0)
Куб	(327.0, 271.0)	(981.0, 690.0)
Куб	(506.0, 442.0)	(1053.0, 620.0)
Куб	(411.0, 415.0)	(990.0, 584.0)
Куб	(355.0, 356.0)	(782.0, 549.0)
Куб	(473.0, 423.0)	(460.0, 454.0)
Куб	(654.0, 475.0)	(317.0, 364.0)
